0.42-up
0.50
0.55
0.7
0.72-down
0.74
0.77
0.77
0.81
0.87
0.89
0.9
0.93
0.94
1.05
1.05
1.05
1.13
1.15
1.15
1.19
1.19
1.20
1.20
1.21
1.24
1.26
1.31
1.32
1.39
1.39
1.40
1.40
1.43
1.50
1.50
1.50
1.55
1.55
1.55
1.55
1.57
1.59
1.59
1.6
1.60
1.60
1.65
1.67
1.70
1.70
1.71
1.72
1.8
1.80
1.80
1.80
1.83
1.84
1.85
1.87
1.90
1.90
1.96
1.97
1.98
1.98
1.99
2.0
2.00
2.00
2.01
2.04
2.05
2.07
2.10
2.13
2.15
2.15
2.15
2.15
2.19
2.20
2.21
2.21
2.21
2.21
2.24
2.24
2.26
2.27
2.27
2.3
2.30
2.30
2.30
2.31
2.35
2.35
2.36
2.36
2.38
2.38
2.4
2.40
2.40
2.40
2.40
2.40
2.40
2.40 
2.41
2.41
2.43
2.44
2.45
2.46
2.46
2.47
2.47
2.47
2.49
2.50
2.50
2.50
2.52
2.53
2.55
2.56
2.60
2.61
2.62
2.65
2.66
2.68
2.68
2.69
2.70
2.70
2.70
2.70
2.71
2.71
2.73
2.73
2.74
2.75
2.75
2.75
2.77
2.78
2.78
2.80
2.83
2.83
2.83
2.83
2.84
2.85
2.85
2.85
2.88
2.88
2.9
2.90
2.90
2.90
2.91
2.92
2.93
2.95
2.95
2.95
2.97
2.98
2.98
2.99
2.99
3.00
3.00
3.00
3.00
3.00
3.01
3.01
3.02
3.03
3.03
3.03
3.03
3.05
3.07
3.1
3.10
3.10
3.11
3.11
3.12
3.14
3.14
3.15
3.15
3.15
3.16
3.18
3.20
3.22
3.23
3.23
3.24
3.25
3.27
3.30
3.30
3.30
3.33
3.33
3.38
3.38
3.41
3.42
3.46
3.46
3.47
3.48
3.48
3.49
3.5-down
3.50
3.50
3.50
3.50
3.51
3.55
3.55
3.56
3.60
3.61
3.61
3.62
3.63
3.63
3.63
3.65
3.65
3.68
3.68
3.69
3.70
3.70
3.72
3.73
3.73
3.74
3.75
3.75
3.75
3.77
3.78
3.79
3.8
3.80
3.80
3.80
3.80
3.81
3.81
3.81
3.82
3.83
3.84
3.85
3.89
3.89
3.90
3.90
3.90
3.91
3.91
3.93
3.93
3.94
3.94
3.94
3.94
3.95
3.97
3.98
3.98
4.0
4.00
4.03
4.04
4.04
4.05
4.05
4.05
4.07
4.08
4.09
4.10
4.11
4.14
4.14
4.14
4.15
4.16
4.16
4.2
4.20
4.20
4.24
4.25-down
4.30
4.30
4.32
4.33
4.35
4.38
4.38
4.38
4.40
4.40
4.40
4.40
4.45
4.47
4.48
4.49
4.5
4.50
4.50
4.50
4.50
4.51
4.51
4.52
4.53
4.53
4.55
4.58
4.59
4.60
4.60
4.61
4.63
4.63
4.65
4.68
4.69
4.70
4.72
4.72
4.73
4.74
4.74
4.74
4.75
4.75
4.75
4.75
4.75
4.78
4.80
4.80
4.80
4.80
4.81
4.81
4.82
4.85
4.86
4.86
4.87
4.90
4.90
4.90
4.94
4.95
4.97
4.99
5.00
5.00
5.00
5.00
5.03
5.04
5.09
5.11
5.19
5.20
5.20
5.23
5.23
5.24
5.24
5.24
5.25
5.25
5.25
5.26
5.28
5.3
5.30
5.32
5.32
5.32
5.34
5.35
5.35
5.37
5.39
5.39
5.40
5.42
5.42
5.45
5.46
5.48
5.50
5.50
5.52
5.52
5.52
5.52
5.54
5.55
5.55
5.63
5.63
5.64
5.65
5.66
5.66
5.68
5.68
5.70
5.70
5.73
5.75
5.76
5.79
5.8
5.81
5.82
5.82
5.83
5.84
5.85
5.87
5.95
5.97
5.98
5.98
5.99
6.00
6.00
6.00
6.01
6.04
6.04
6.05
6.06
6.07
6.1
6.1
6.10
6.14
6.16
6.17
6.17
6.19
6.20
6.20
6.20
6.22
6.22
6.23
6.27
6.30
6.30
6.30
6.35
6.36
6.40
6.40
6.42
6.45
6.47
6.48
6.50
6.55
6.55
6.56
6.56
6.59
6.59
6.60
6.63
6.64
6.68
6.69
6.70
6.73
6.75
6.80
6.80
6.80
6.81
6.83
6.83
6.85
6.90
6.90
6.90
6.92
6.93
6.94
6.97
6.99
6.99
7.00
7.00
7.01
7.02
7.07
7.07
7.08
7.14
7.15
7.17
7.18
7.19
7.2
7.20
7.20
7.20
7.23
7.24
7.25
7.26
7.26
7.27
7.3
7.34
7.35
7.35
7.39
7.40
7.41
7.42
7.44
7.49
7.52
7.56
7.57
7.60
7.65
7.68
7.69
7.70
7.75
7.77 
7.79
7.80
7.80
7.90
7.90
7.90
7.92
7.96
7.96
7.97
8.00
8.00
8.00
8.03
8.05
8.06
8.08
8.1
8.10
8.14
8.15
8.2
8.2-down
8.22
8.23
8.26
8.34
8.34
8.36
8.4
8.41
8.43
8.50
8.50
8.52
8.54
8.57
8.61
8.63
8.65
8.68
8.69
8.73
8.75
8.77
8.80
8.83
8.90
8.93
8.95
8.98
8.99
9.03
9.04
9.05
9.09
9.10
9.10
9.12
9.17
9.19
9.20
9.22
9.27
9.30
9.31
9.31
9.40
9.41
9.42
9.45
9.47
9.48
9.49
9.5
9.52
9.56
9.65
9.68
9.7
9.70
9.70
9.73
9.81
9.88
9.9
9.95
9.95
10.0
10.01
10.08
10.19
10.23
10.24
10.24
10.25
10.25
10.28
10.30
10.32
10.33
10.37
10.41
10.44
10.45
10.45
10.49
10.5
10.55
10.55
10.56
10.60
10.62
10.65
10.75
10.78
10.87
10.89
10.94
10.97
11.05
11.09
11.13
11.24
11.25
11.27
11.31
11.34
11.36
11.40
11.5
11.6
11.80
11.80
11.90
11.94
11.95
12.12
12.14
12.14
12.18
12.22
12.25
12.38
12.60
12.61
12.63
12.75
12.94
13.03
13.07
13.1
13.10
13.26
13.45
13.55
13.60
13.61
13.68
13.69
13.77
13.81
13.92
14.12
14.18
14.33
14.34
14.47
14.6-up
14.70
14.85
14.9
14.9
14.92
15.00
15.00
15.01
15.02
15.22
15.3
15.31
15.48
15.58
16.12
16.4
16.40
17.0
17.03
17.19
17.20
17.45
17.48
17.50
17.65
17.72
18.05
18.10
18.17
18.24
18.50
18.63
18.65
19.10
19.44
19.51
19.54
19.80
19.87
19.89
19.97
20.38
20.52
20.58
20.69
21.21
22.10
23.5
23.58
23.68
23.82
24.32
24.44
24.45
24.96
25.22
25.90
27.39
27.93
28.2
30.00
31.00
41.20
